0.00553
0.00791
0.00628
0.00838
0.01209
0.01436
0.01583
0.01559
0.02243
0.02501
0.02652
0.03227
0.03759
0.04209
0.04263
0.04562
0.04827
0.05003
0.05303
0.05542
0.06073
0.06125
0.06486
0.06382
0.06080
0.05720
0.05722
0.05932
0.06097
0.05966
0.05989
0.06325
0.06506
0.06373
0.06268
0.06215
0.05926
0.06167
0.06319
0.06255
0.06519
0.06440
0.06306
0.06785
0.06760
0.06640
0.06814
0.06637
0.06783
0.06963
0.06858
0.07236
0.07547
0.07438
0.07292
0.07357
0.07671
0.07843
0.07634
0.07705
0.07588
0.07796
0.07993
0.07889
0.08002
0.08244
0.08555
0.08399
0.08442
0.08684
0.08207
0.08061
0.08002
0.08320
0.08193
0.08093
0.08256
0.08226
0.07776
0.07634
0.07650
0.08216
0.08167
0.08183
0.08222
0.08053
0.08215
0.08554
0.08664
0.08581
0.08857
0.08679
0.08763
0.09124
0.09414
0.09294
0.09606
0.09835
0.09749
0.09996
0.10078
0.10233
0.10070
0.10219
0.10646
0.10501
0.10512
0.10825
0.10694
0.10940
0.10993
0.11177
0.11422
0.11055
0.11239
0.11131
0.11194
0.11181
0.11811
0.11595
0.12014
0.12044
0.11857
0.11752
0.11919
0.12402
0.12626
0.12730
0.12711
0.13035
0.12834
0.13145
0.13100
0.13001
0.13092
0.13131
0.13808
0.13703
0.13595
0.13565
0.13600
0.13485
0.13682
0.14071
0.14112
0.13722
0.13828
0.14039
0.14321
0.14491
0.14369
0.14741
0.14544
0.14695
0.14773
0.14612
0.14596
0.14822
0.14789
0.14991
0.14924
0.14489
0.14488
0.14496
0.14528
0.14817
0.14409
0.14395
0.14519
0.14577
0.14321
0.14164
0.13969
0.14084
0.14214
0.14245
0.14293
0.14378
0.14384
0.14343
0.14326
0.14501
0.14478
0.14491
0.14290
0.14472
0.14571
0.14451
0.14502
0.14182
0.14075
0.13631
0.13452
0.13452
0.13465
0.13549
0.13801
0.14104
0.14157
0.14146
0.14207
0.13903
0.13837
0.13632
0.13935
0.14336
0.14317
0.14286
0.14113
0.13883
0.13912
0.13895
0.14175
0.14484
0.14387
0.13889
0.14079
0.14090
0.14142
0.13887
0.14209
0.14223
0.13879
0.14131
0.14345
0.14339
0.14359
0.14357
0.14403
0.14553
0.14409
0.14469
0.14570
0.14448
0.14478
0.14455
0.14582
0.14596
0.14739
0.14634
0.14686
0.14496
0.14489
0.14378
0.14267
0.14000
0.13812
0.14245
0.14448
0.14699
0.14318
0.14124
0.14152
0.14604
0.14291
0.14320
0.14934
0.14820
0.15077
0.15202
0.15016
0.14792
0.14884
0.14923
0.15159
0.15152
0.14735
0.14588
0.14667
0.15092
0.15222
0.15575
0.15418
0.15254
0.15499
0.15302
0.15349
0.15743
0.15895
0.16070
0.16135
0.16167
0.16312
0.16165
0.16306
0.16262
0.16280
0.15906
0.15708
0.15730
0.16288
0.16248
0.16148
0.16162
0.16133
0.16066
0.15622
0.15528
0.15570
0.15849
0.15843
0.15788
0.15646
0.15374
0.15742
0.15717
0.15589
0.15491
0.16038
0.16060
0.15957
0.15808
0.15799
0.15681
0.15597
0.15544
0.15605
0.15247
0.15084
0.14881
0.14944
0.14723
0.14825
0.14724
0.14783
0.14948
0.15200
0.15269
0.15362
0.15162
0.15538
0.15567
0.15654
0.15749
0.15509
0.15527
0.15384
0.15388
0.15468
0.15261
0.15058
0.14789
0.15015
0.15464
0.15410
0.14862
0.14831
0.14675
0.14528
0.14692
0.14784
0.14969
0.14992
0.15113
0.15290
0.15073
0.15150
0.15402
0.15158
0.15402
0.15812
0.15952
0.16294
0.16602
0.16390
0.16676
0.16994
0.17447
0.17470
0.17454
0.17417
0.17327
0.17057
0.17104
0.16542
0.16256
0.15930
0.16038
0.15948
0.15941
0.16149
0.16017
0.15924
0.15548
0.15596
0.15614
0.15970
0.16057
0.16507
0.16254
0.16317
0.16275
0.16524
0.16346
0.16191
0.16113
0.16238
0.16435
0.16539
0.16659
0.16685
0.16519
0.16720
0.17172
0.17047
0.16958
0.17023
0.17247
0.17702
0.17809
0.17773
0.18088
0.17824
0.18155
0.18377
0.18394
0.18463
0.18066
0.17847
0.17918
0.18031
0.18530
0.18247
0.18166
0.18038
0.17923
0.17885
0.17955
0.18313
0.18462
0.18676
0.19043
0.18840
0.18463
0.18876
0.19041
0.19013
0.19159
0.19402
0.19560
0.19574
0.20106
0.19892
0.19910
0.19981
0.20389
0.20179
0.19963
0.19880
0.20103
0.20256
0.20155
0.19983
0.19932
0.19983
0.20005
0.20107
0.19750
0.19575
0.19576
0.19336
0.19142
0.19512
0.19275
0.19412
0.19832
0.20082
0.20514
0.20720
0.20714
0.20836
0.21057
0.21080
0.21124
0.21052
0.21010
0.21020
0.21100
0.21029
0.20652
0.20473
0.20571
0.20258
0.20261
0.20064
0.20311
0.20285
0.20267
0.20128
0.20023
0.20176
0.20021
0.19896
0.19640
0.19656
0.19659
0.19265
0.19024
0.18910
0.18931
0.18911
0.18847
0.18818
0.18826
0.19064
0.19119
0.18986
0.19000
0.19188
0.19277
0.19365
0.19305
0.19230
0.19033
0.19078
0.19185
0.19051
0.19238
0.19161
0.19455
0.19399
0.19141
0.19310
0.19377
0.19328
0.19322
0.19920
0.19725
0.19777
0.19698
0.19565
0.19913
0.19407
0.19120
0.19212
0.19556
0.19382
0.19558
0.19256
0.19262
0.19113
0.19056
0.19349
0.19418
0.19632
0.19411
0.19492
0.19487
0.19981
0.20057
0.20184
0.19853
0.19539
0.19520
0.19611
0.19340
0.19339
0.19492
0.19743
0.19502
0.19498
0.19386
0.19203
0.19673
0.19905
0.20339
0.20698
0.20935
0.21000
0.20974
0.21028
0.20963
0.20624
0.20380
0.20420
0.20527
0.20648
0.20598
0.20596
0.20734
0.21098
0.21067
0.20813
0.20790
0.21209
0.21491
0.21508
0.21578
0.21645
0.21484
0.21401
0.21493
0.21675
0.22113
0.22121
0.22465
0.22747
0.22903
0.22804
0.22605
0.22843
0.22837
0.23040
0.23172
0.23310
0.23429
0.23506
0.23181
0.23519
0.23288
0.23436
0.22996
0.23027
0.23110
0.23299
0.23474
0.23328
0.23322
0.23157
0.23496
0.23845
0.23917
0.24015
0.24047
0.23853
0.23630
0.23614
0.23580
0.23174
0.23349
0.23397
0.23156
0.23341
0.23287
0.23004
0.23056
0.23252
0.23201
0.23190
0.23196
0.23383
0.23710
0.23990
0.24435
0.24527
0.24446
0.24379
0.24461
0.24678
0.24873
0.24696
0.24960
0.25060
0.25115
0.25148
0.25267
0.25482
0.25979
0.25992
0.25824
0.25598
0.25675
0.25654
0.26031
0.25619
0.25901
0.25750
0.25550
0.25709
0.25184
0.25228
0.25412
0.25623
0.25685
0.25379
0.25112
0.25075
0.25151
0.25132
0.24936
0.24839
0.24868
0.25327
0.25288
0.25548
0.25536
0.25229
0.25465
0.25152
0.25379
0.25578
0.25574
0.25514
0.25855
0.25947
0.26181
0.26256
0.26174
0.25914
0.26069
0.25669
0.25713
0.25605
0.25607
0.25342
0.25372
0.25578
0.25805
0.25947
0.25798
0.26005
0.25849
0.25964
0.26068
0.25976
0.25867
0.25697
0.25717
0.25359
0.25414
0.25651
0.25880
0.25905
0.26274
0.25999
0.26028
0.25787
0.25628
0.25650
0.25730
0.25721
0.25987
0.25921
0.26168
0.26145
0.26188
0.26241
0.26094
0.26071
0.25966
0.25520
0.25319
0.25158
0.25030
0.25004
0.25282
0.25226
0.25063
0.24986
0.25251
0.25346
0.25436
0.25450
0.25536
0.25458
0.25509
0.25548
0.25417
0.25817
0.26202
0.25712
0.25867
0.26356
0.26435
0.26216
0.26310
0.26326
0.26587
0.26659
0.26559
0.26883
0.27080
0.27252
0.27422
0.27636
0.27738
0.28032
0.28048
0.28243
0.28442
0.28165
0.27996
0.27855
0.27886
0.27941
0.27899
0.28226
0.28363
0.28255
0.28281
0.28616
0.28494
0.28704
0.28758
0.29073
0.29271
0.29065
0.29066
0.29124
0.29128
0.29000
0.29435
0.29267
0.29344
0.29597
0.29705
0.29737
0.30082
0.30279
0.30297
0.30443
0.30360
0.30534
0.30574
0.30442
0.30244
0.30190
0.30041
0.30173
0.29929
0.29854
0.29792
0.29659
0.29685
0.29774
0.29689
0.29678
0.29670
0.29510
0.29338
0.29349
0.29458
0.29524
0.29269
0.29520
0.29218
0.29382
0.29375
0.29239
0.29267
0.29468
0.29507
0.29347
0.29356
0.29248
0.29311
0.28825
0.28593
0.28405
0.27955
0.27716
0.27520
0.27740
0.27740
0.28141
0.28295
0.28394
0.28184
0.28156
0.28133
0.28019
0.28444
0.28425
0.28599
0.28521
0.28441
0.28477
0.28495
0.28260
0.28025
0.27944
0.27794
0.27949
0.28134
0.28013
0.27918
0.27914
0.27882
0.28137
0.28386
0.28577
0.28599
0.28459
0.28578
0.28350
0.28233
0.28046
0.27951
0.28127
0.28322
0.28354
0.28389
0.28410
0.28112
0.28496
0.28662
0.28598
0.28784
0.28962
0.29152
0.29322
0.29276
0.29149
0.28987
0.29019
0.28749
0.28817
0.29038
0.28922
0.29002
0.28680
0.28269
0.28263
0.28256
0.28318
0.28663
0.28415
0.28314
0.28350
0.28298
0.28311
0.28190
0.28243
0.28448
0.28706
0.28311
0.28271
0.28201
0.28100
0.28167
0.28134
0.27822
0.27745
0.27945
0.27835
0.27946
0.27815
0.27611
0.27669
0.27547
0.27225
0.27350
0.27384
0.27454
0.27285
0.27165
0.27004
0.27031
0.26966
0.26723
0.26621
0.26314
0.26274
0.26115
0.25950
0.26040
0.26260
0.26204
0.26284
0.26456
0.26746
0.27030
0.26932
0.26745
0.26693
0.26640
0.26751
0.26722
0.26882
0.27098
0.26711
0.26797
0.26749
0.26980
0.26940
0.27061
0.26800
0.26777
0.26693
0.26474
0.26432
0.26242
0.26335
0.26336
0.26784
0.26974
0.27091
0.27255
0.27370
0.27036
0.27189
0.27048
0.27103
0.27118
0.27460
0.27673
0.27787
0.28227
0.28031
0.28274
0.27866
0.27584
0.27374
0.27564
0.27671
0.27857
0.27798
0.27926
0.27835
0.27857
0.27959
0.27848
0.27517
0.27699
0.27678
0.27799
0.27656
0.27506
0.27323
0.27356
0.27237
0.27310
0.27293
0.27522
0.27422
0.27525
0.27676
0.27598
0.27748
0.27825
0.27931
0.28079
0.28192
0.28262
0.28329
0.28190
0.28489
0.28386
0.28687
0.28855
0.28878
0.28801
0.28867
0.29157
0.29048
0.29014
0.29316
0.29485
0.29508
0.29635
0.29640
0.29840
0.29775
0.29724
0.29612
0.29720
0.29940
0.30125
0.30505
0.30299
0.30287
0.30256
0.30028
0.29975
0.29747
0.29664
0.29601
0.29328
0.29468
0.29310
0.29375
0.29212
0.29499
0.29367
0.29481
0.29358
0.29520
0.29615
0.29777
0.30127
0.30348
0.30178
0.30240
0.29997
0.30080
0.30201
0.30359
0.30286
0.30404
0.30256
0.30434
0.30439
0.30659
0.30740
0.30799
0.31009
0.31055
0.31328
0.31386
0.31165
0.31023
0.31226
0.31178
0.31074
0.31003
0.30934
0.30760
0.30804
0.30773
0.30560
0.30875
0.30884
0.30837
0.30573
0.30597
0.30576
0.30547
0.30497
0.30409
0.30769
0.30931
0.31047
0.30841
0.30972
0.30948
0.30978
0.31042
0.31036
0.30949
0.30784
0.30796
0.30607
0.30864
0.30613
0.30447
0.30408
0.30105
0.29938
0.29918
0.30011
0.30148
0.30089
0.30129
0.30191
0.30288
0.30351
0.30499
0.30561
0.30934
0.30783
0.30904
0.30778
0.30731
0.30917
0.30898
0.30818
0.30809
0.30901
0.30510
0.30664
0.30706
0.30325
0.30245
0.30673
0.30876
0.31168
0.31504
0.31268
0.31330
0.31395
0.31280
0.31203
0.30881
0.30693
0.30801
0.30812
0.30567
0.30397
0.30263
0.30262
0.30499
0.30475
0.30411
0.30251
0.30519
0.30282
0.30263
0.30329
0.30208
0.30275
0.30440
0.30549
0.30709
0.30446
0.30123
0.29971
0.29953
0.30300
0.30284
0.30328
0.30071
0.30422
0.30584
0.30670
0.30760
0.31142
0.31104
0.31146
0.31088
0.31115
0.30922
0.30830
0.30974
0.30994
0.31081
0.31291
0.31185
0.31019
0.31326
0.31447
0.31675
0.31583
0.31746
0.31964
0.31742
0.31822
0.31740
0.31788
0.32131
0.32207
0.32159
0.32234
0.32197
0.31958
0.32128
0.32185
0.31888
0.31954
0.31856
0.31828
0.31698
0.31784
0.31684
0.31533
0.31163
0.30995
0.30944
0.30901
0.30928
0.31004
0.31072
0.31265
0.31048
0.31167
0.30961
0.30849
0.31059
0.30833
0.30871
0.30609
0.30777
0.30889
0.31344
0.31214
0.31190
0.31224
0.31256
0.31230
0.31317
0.31176
0.31163
0.31304
0.31415
0.31468
0.31444
0.31563
0.31574
0.31436
0.31410
0.31856
0.31877
0.31805
0.31902
0.31484
0.31321
0.31415
0.31737
0.31725
0.31589
0.31626
0.31484
0.31629
0.31428
0.31308
0.31439
0.31501
0.31566
0.31869
0.31969
0.31876
0.31998
0.32161
0.31888
0.32026
0.31715
0.31691
0.31700
0.31317
0.31273
0.31198
0.30981
0.30997
0.31226
0.31323
0.31510
0.31113
0.31036
0.30797
0.31033
0.30966
0.31163
0.31406
0.31522
0.31497
0.31190
0.31240
0.31372
0.31214
0.31174
0.31598
0.31752
0.31764
0.31681
0.31736
0.31422
0.31291
0.31289
0.31158
0.31110
0.30966
0.31112
0.31028
0.30925
0.31074
0.31251
0.31153
0.31319
0.31344
0.31468
0.31407
0.31476
0.31189
0.31224
0.30962
0.30879
0.30895
0.30973
0.30786
0.30712
0.30763
0.30647
0.30571
0.30576
0.30185
0.30315
0.30640
0.30638
0.30512
0.30582
0.30605
0.30592
0.30894
0.30922
0.30888
0.30959
0.31149
0.31100
0.31232
0.31303
0.31086
0.31143
0.31281
0.31577
0.31364
0.31601
0.31721
0.31739
0.31593
0.31709
0.32058
0.31694
0.31560
0.31597
0.31407
0.31494
0.31468
0.31294
0.31648
0.31557
0.31686
0.31437
0.31481
0.31530
0.31414
0.31347
0.31198
0.31202
0.31135
0.31184
0.30916
0.30984
0.31035
0.31030
0.30751
0.30653
0.30554
0.30822
0.30561
0.30666
0.30151
0.30457
0.30625
0.30658
0.30965
0.31061
0.31336
0.31388
0.31329
0.31248
0.30796
0.30996
0.30855
0.31127
0.31033
0.30885
0.31187
0.31215
0.31184
0.31209
0.30981
0.31294
0.31168
0.31253
0.31486
0.31500
0.31411
0.31456
0.31460
0.31348
0.31189
0.31398
0.31610
0.31770
0.31726
0.31716
0.31910
0.31725
0.31816
0.31792
0.31920
0.32234
0.32111
0.32316
0.32316
0.32436
0.32187
0.32332
0.32359
0.32250
0.32455
0.32674
0.32387
0.32722
0.32464
0.32454
0.32638
0.32480
0.32432
0.32547
0.32096
0.32489
0.32445
0.32156
0.32309
0.32580
0.32595
0.32884
0.32760
0.32655
0.32400
0.32642
0.32959
0.32917
0.33035
0.33097
0.33060
0.32873
0.32857
0.33142
0.33184
0.33130
0.33009
0.32858
0.32809
0.32811
0.32807
0.32781
0.32902
0.32722
0.32817
0.32668
0.32712
0.32711
0.33001
0.32846
0.32917
0.33081
0.33123
0.33050
0.33168
0.33270
0.33069
0.33235
0.33143
0.32954
0.32875
0.32899
0.32833
0.32651
0.32598
0.32599
0.32587
0.32509
0.32508
0.32650
0.32948
0.33098
0.33366
0.33576
0.33446
0.33423
0.33228
0.33349
0.33446
0.33521
0.33240
0.33353
0.33141
0.33245
0.33371
0.33422
0.33542
0.33454
0.33316
0.33038
0.32947
0.33235
0.33417
0.33353
0.33381
0.33831
0.33861
0.33911
0.33726
0.33695
0.33820
0.33658
0.33630
0.33985
0.33799
0.33828
0.33784
0.33748
0.33850
0.33915
0.33983
0.33815
0.33895
0.33496
0.33665
0.33760
0.33805
0.33580
0.33632
0.33433
0.33495
0.33400
0.33696
0.33455
0.33397
0.33571
0.33904
0.33909
0.34138
0.33965
0.34159
0.34197
0.34206
0.34380
0.34403
0.34469
0.34484
0.34437
0.34109
0.33878
0.33597
0.33346
0.33249
0.33074
0.33033
0.33252
0.33343
0.33178
0.33438
0.33708
0.33654
0.33949
0.33966
0.33991
0.33959
0.33985
0.34008
0.33832
0.34041
0.34070
0.34252
0.34097
0.34191
0.34278
0.34101
0.33897
0.33966
0.33899
0.33841
0.33876
0.33806
0.33548
0.33497
0.33508
0.33522
0.33797
0.33785
0.33833
0.33963
0.34032
0.33713
0.33645
0.33799
0.33719
0.33820
0.33873
0.33972
0.33769
0.33691
0.33866
0.34001
0.34082
0.33909
0.33791
0.34140
0.34025
0.33826
0.34132
0.34267
0.34389
0.34436
0.34224
0.34266
0.34496
0.34369
0.34243
0.34157
0.33913
0.33969
0.34017
0.34017
0.34075
0.33913
0.33987
0.34028
0.34090
0.33985
0.34185
0.34358
0.34210
0.34386
0.34414
0.34310
0.34254
0.34249
0.34075
0.34166
0.34228
0.34335
0.34323
0.34661
0.34605
0.34594
0.35009
0.34891
0.34959
0.34892
0.35022
0.34883
0.34738
0.34930
0.34953
0.35001
0.35147
0.35182
0.35328
0.35346
0.35150
0.34792
0.34878
0.34876
0.35014
0.35210
0.35395
0.35682
0.35827
0.35622
0.35598
0.35794
0.36172
0.36009
0.35876
0.36018
0.35809
0.35884
0.35710
0.35426
0.35320
0.35188
0.35191
0.35246
0.35447
0.35706
0.35633
0.35800
0.35845
0.35736
0.35583
0.35592
0.35368
0.35280
0.34977
0.34923
0.35107
0.35107
0.35145
0.35132
0.35245
0.35128
0.35363
0.35363
0.35431
0.35416
0.35074
0.34970
0.35142
0.35147
0.35058
0.35173
0.35481
0.35415
0.35362
0.35443
0.35245
0.35094
0.34957
0.35006
0.35143
0.35259
0.35178
0.35184
0.35415
0.35642
0.35274
0.35221
0.35062
0.35110
0.35017
0.34916
0.34806
0.34722
0.34635
0.34404
0.34816
0.34863
0.34687
0.34555
0.34429
0.34351
0.34345
0.34443
0.34343
0.34385
0.34524
0.34719
0.34656
0.34909
0.34853
0.34944
0.34968
0.34903
0.34635
0.34561
0.34470
0.34438
0.34006
0.34035
0.34089
0.34361
0.34282
0.34206
0.34502
0.34385
0.34334
0.33846
0.34055
0.34436
0.34262
0.34310
0.34276
0.34066
0.34310
0.34310
0.34332
0.34428
0.34378
0.34442
0.34427
0.34478
0.34430
0.34375
0.34732
0.34704
0.34718
0.34754
0.34472
0.34663
0.34919
0.35017
0.35096
0.35226
0.35023
0.35057
0.35117
0.34923
0.34960
0.35292
0.35330
0.34992
0.35291
0.35367
0.35711
0.35596
0.35572
0.35979
0.35993
0.36040
0.36070
0.36060
0.35789
0.35904
0.35900
0.35884
0.35842
0.36061
0.36163
0.36252
0.36218
0.36470
0.36366
0.35881
0.36104
0.36046
0.36291
0.36344
0.36154
0.36438
0.36390
0.36385
0.36514
0.36354
0.36357
0.36657
0.36629
0.36713
0.36799
0.36799
0.36780
0.36971
0.36995
0.37014
0.36601
0.36667
0.36705
0.36492
0.36336
0.36341
0.36686
0.36763
0.36896
0.37042
0.37091
0.37281
0.37201
0.36900
0.36861
0.36646
0.36744
0.36911
0.36996
0.37109
0.37306
0.37445
0.37689
0.37758
0.37534
0.37304
0.37093
0.37036
0.36980
0.36631
0.36779
0.36646
0.36496
0.36646
0.36468
0.36317
0.36503
0.36413
0.36455
0.36810
0.36786
0.36841
0.36893
0.36455
0.36653
0.36206
0.36189
0.36220
0.36411
0.36250
0.36310
0.36383
0.36063
0.36073
0.36283
0.36475
0.36715
0.36746
0.36645
0.36777
0.36593
0.36792
0.36703
0.36540
0.36411
0.36740
0.36543
0.36606
0.36747
0.36757
0.36923
0.37224
0.37406
0.37377
0.37631
0.37702
0.37574
0.37374
0.37396
0.37341
0.37313
0.37390
0.37404
0.37386
0.37830
0.37900
0.37923
0.38038
0.38018
0.37814
0.37768
0.37631
0.37723
0.37802
0.37748
0.38023
0.38329
0.38696
0.38569
0.38447
0.38610
0.38562
0.38527
0.38586
0.38443
0.38524
0.38364
0.38297
0.38059
0.38059
0.38490
0.38533
0.38608
0.38732
0.38634
0.38228
0.38228
0.38324
0.38085
0.38177
0.38219
0.38181
0.37850
0.37889
0.37968
0.37888
0.37827
0.37772
0.37575
0.37671
0.37489
0.37492
0.37591
0.37683
0.37713
0.37779
0.37926
0.38262
0.38260
0.38463
0.38619
0.38824
0.38711
0.38449
0.38383
0.38012
0.37657
0.37772
0.37888
0.37910
0.37916
0.37864
0.37864
0.37924
0.37931
0.38000
0.38273
0.38035
0.38119
0.38016
0.38253
0.38506
0.38786
0.38862
0.38750
0.38882
0.38929
0.39090
0.39096
0.38982
0.38872
0.38837
0.38900
0.38697
0.38861
0.38816
0.38846
0.39154
0.39286
0.39505
0.39454
0.39679
0.39672
0.39512
0.39561
0.39966
0.39942
0.39713
0.39685
0.39689
0.39592
0.39592
0.39745
0.39673
0.39578
0.39748
0.39899
0.39909
0.39749
0.39952
0.40145
0.40172
0.40140
0.40057
0.40050
0.40260
0.40201
0.40236
0.40069
0.39930
0.39839
0.39966
0.40011
0.40150
0.40062
0.40069
0.40185
0.40192
0.40444
0.40526
0.40699
0.40941
0.41000
0.40970
0.41099
0.41328
0.41458
0.41791
0.41579
0.41630
0.41403
0.41589
0.41402
0.41551
0.41157
0.41299
0.41322
0.41350
0.41533
0.41637
0.41779
0.41739
0.41629
0.41766
0.41970
0.41830
0.41590
0.41834
0.41738
0.41609
0.41640
0.41540
0.41841
0.42101
0.42393
0.42482
0.42528
0.42433
0.42643
0.42611
0.42689
0.42724
0.42700
0.42568
0.42525
0.42547
0.42717
0.42756
0.42973
0.42938
0.43088
0.43155
0.43219
0.43209
0.43164
0.43201
0.43155
0.43153
0.43334
0.43204
0.43323
0.43311
0.43191
0.43128
0.43316
0.43187
0.43174
0.42952
0.42789
0.42893
0.42711
0.42649
0.42674
0.42687
0.42818
0.43072
0.42969
0.42936
0.42945
0.42786
0.42961
0.42931
0.42886
0.43008
0.43202
0.43162
0.43509
0.43381
0.43725
0.43727
0.43529
0.43456
0.43287
0.43310
0.43180
0.43394
0.43678
0.43545
0.43669
0.43611
0.43456
0.43555
0.43410
0.43468
0.43480
0.43647
0.43593
0.43622
0.43621
0.43776
0.43832
0.43734
0.43534
0.43752
0.43680
0.43589
0.43891
0.43916
0.43765
0.43897
0.43552
0.43516
0.43433
0.43234
0.43259
0.43111
0.43165
0.43023
0.42771
0.42688
0.42671
0.42570
0.42385
0.42225
0.42391
0.42557
0.42593
0.42700
0.42732
0.42736
0.42735
0.42950
0.43033
0.42804
0.43006
0.42910
0.43033
0.43102
0.43030
0.43047
0.43203
0.42907
0.42831
0.42755
0.42691
0.42868
0.43106
0.43059
0.43117
0.43010
0.43170
0.42935
0.43063
0.43042
0.43255
0.43383
0.43398
0.43602
0.43534
0.43625
0.43610
0.43802
0.43877
0.43979
0.43925
0.43991
0.43873
0.43937
0.44051
0.44254
0.44024
0.44133
0.44174
0.44065
0.44051
0.44091
0.43982
0.44057
0.43945
0.43845
0.43858
0.43800
0.43931
0.43983
0.44057
0.44117
0.43918
0.44019
0.44025
0.44052
0.44151
0.44178
0.44228
0.44279
0.44240
0.44054
0.44008
0.44074
0.44235
0.44313
0.44234
0.44138
0.44088
0.44022
0.44007
0.43986
0.43926
0.43945
0.43939
0.43896
0.43527
0.43665
0.43658
0.43564
0.43588
0.43526
0.43511
0.43542
0.43468
0.43393
0.43179
0.43376
0.43229
0.43272
0.43271
0.43319
0.43105
0.42903
0.43078
0.43112
0.43168
0.43097
0.43060
0.42916
0.42872
0.42941
0.42879
0.42925
0.42750
0.42761
0.42893
0.42897
0.43089
0.42975
0.42863
0.43058
0.43108
0.42921
0.43079
0.42939
0.43020
0.42851
0.42851
0.42619
0.42415
0.42384
0.42501
0.42524
0.42604
0.42594
0.42498
0.42541
0.43062
0.43029
0.42915
0.42826
0.42804
0.42766
0.42710
0.42964
0.43016
0.43214
0.43161
0.42994
0.42705
0.42752
0.42703
0.42833
0.42951
0.42846
0.42882
0.43003
0.42909
0.42976
0.43078
0.43093
0.43150
0.43164
0.43108
0.43191
0.43061
0.43206
0.43149
0.43042
0.43179
0.43070
0.42986
0.43128
0.43070
0.43109
0.43262
0.43253
0.43171
0.43425
0.43256
0.43152
0.43298
0.43402
0.43381
0.43441
0.43539
0.43638
0.43495
0.43404
0.43309
0.43019
0.43028
0.43014
0.43132
0.43236
0.43292
0.43164
0.43252
0.43261
0.43536
0.43551
0.43727
0.43583
0.43407
0.43577
0.43817
0.44111
0.44069
0.44072
0.44121
0.43966
0.43743
0.43592
0.43568
0.43842
0.43916
0.43906
0.43803
0.43814
0.43871
0.44028
0.44212
0.44307
0.44569
0.44548
0.44535
0.44486
0.44304
0.44348
0.44265
0.44326
0.44582
0.44553
0.44733
0.44783
0.44819
0.44831
0.44784
0.44798
0.44721
0.44337
0.44455
0.44401
0.44391
0.44485
0.44428
0.44464
0.44483
0.44514
0.44457
0.44677
0.44586
0.44549
0.44750
0.44733
0.44650
0.44759
0.44629
0.44718
0.44655
0.44764
0.44931
0.45003
0.45173
0.45027
0.45030
0.45014
0.44781
0.44933
0.44893
0.44982
0.44802
0.44823
0.44740
0.44840
0.45064
0.45059
0.45192
0.45276
0.45299
0.45120
0.44992
0.45138
0.45139
0.45296
0.45382
0.45388
0.45244
0.45229
0.45060
0.44932
0.45054
0.45281
0.45295
0.45444
0.45520
0.45363
0.45413
0.45381
0.45521
0.45390
0.45479
0.45448
0.45432
0.45467
0.45584
0.45640
0.45806
0.45818
0.45764
0.45778
0.45853
0.45903
0.45947
0.46107
0.46083
0.45892
0.45823
0.45831
0.45709
0.45823
0.45595
0.45612
0.45450
0.45584
0.45390
0.45277
0.45352
0.45206
0.45431
0.45361
0.45411
0.45349
0.45359
0.45361
0.45406
0.45465
0.45528
0.45444
0.45422
0.45504
0.45497
0.45684
0.45878
0.45928
0.45702
0.45725
0.45693
0.45660
0.45724
0.45781
0.45651
0.45679
0.45545
0.45580
0.45621
0.45659
0.45628
0.45668
0.45848
0.45924
0.45823
0.45786
0.45681
0.45515
0.45775
0.46102
0.45961
0.46042
0.46084
0.46009
0.46092
0.46092
0.46081
0.46005
0.46015
0.45970
0.46032
0.46158
0.46067
0.46044
0.46111
0.46175
0.46163
0.46145
0.46140
0.46092
0.46041
0.46267
0.46127
0.46111
0.46097
0.46124
0.46136
0.45836
0.45991
0.45840
0.46001
0.45862
0.45936
0.45856
0.45837
0.45852
0.45744
0.45781
0.45780
0.45726
0.45817
0.45728
0.45829
0.45730
0.45661
0.45748
0.45683
0.45826
0.45927
0.46025
0.46156
0.46160
0.46203
0.46234
0.46027
0.46020
0.46105
0.46078
0.46033
0.45977
0.46099
0.46220
0.45942
0.45869
0.45828
0.45996
0.46005
0.46117
0.46186
0.46184
0.46134
0.46122
0.46052
0.45995
0.45839
0.45718
0.45928
0.45887
0.45978
0.46063
0.46144
0.46400
0.46457
0.46307
0.46249
0.46276
0.46160
0.46178
0.46037
0.45988
0.45896
0.45876
0.45894
0.45840
0.45746
0.45817
0.46030
0.45933
0.45936
0.45866
0.46099
0.46052
0.45882
0.45872
0.45994
0.45966
0.46041
0.46091
0.46041
0.46197
0.46255
0.46223
0.46055
0.45857
0.45756
0.45611
0.45703
0.45528
0.45572
0.45817
0.45757
0.45512
0.45448
0.45617
0.45703
0.45586
0.45368
0.45388
0.45600
0.45785
0.45700
0.45832
0.45944
0.45831
0.45719
0.45737
0.45795
0.45734
0.45717
0.45631
0.45753
0.45769
0.45695
0.45884
0.45919
0.45847
0.45631
0.45650
0.45577
0.45693
0.45653
0.45605
0.45635
0.45545
0.45431
0.45422
0.45491
0.45550
0.45491
0.45405
0.45380
0.45533
0.45544
0.45708
0.45903
0.45866
0.45930
0.45929
0.45818
0.45780
0.45637
0.45679
0.45810
0.45874
0.45777
0.45722
0.45852
0.45770
0.45893
0.45784
0.45921
0.46049
0.46039
0.45935
0.45876
0.45732
0.45837
0.45848
0.45671
0.45608
0.45665
0.45618
0.45558
0.45649
0.45443
0.45316
0.45411
0.45456
0.45558
0.45602
0.45655
0.45521
0.45528
0.45673
0.45701
0.45829
0.46053
0.46055
0.45992
0.46082
0.46018
0.46105
0.46190
0.46123
0.45959
0.45866
0.45970
0.45903
0.46003
0.46007
0.45938
0.46032
0.46029
0.45776
0.45786
0.45806
0.45779
0.45830
0.45742
0.45732
0.45789
0.45719
0.45761
0.45870
0.45720
0.45725
0.45641
0.45649
0.45804
0.45817
0.45905
0.45974
0.45894
0.45732
0.45844
0.45862
0.45930
0.46044
0.46082
0.46122
0.46049
0.46048
0.46218
0.46225
0.46243
0.46324
0.46349
0.46434
0.46553
0.46531
0.46608
0.46691
0.46722
0.46636
0.46437
0.46500
0.46432
0.46364
0.46390
0.46349
0.46320
0.46129
0.46099
0.46021
0.45976
0.45780
0.45814
0.45853
0.45964
0.45913
0.45921
0.45762
0.45814
0.45722
0.45715
0.45707
0.45706
0.45633
0.45733
0.45657
0.45515
0.45462
0.45534
0.45516
0.45486
0.45343
0.45319
0.45268
0.45310
0.45408
0.45551
0.45595
0.45623
0.45619
0.45573
0.45589
0.45506
0.45377
0.45364
0.45512
0.45501
0.45665
0.45735
0.45592
0.45509
0.45513
0.45591
0.45768
0.45577
0.45648
0.45570
0.45529
0.45367
0.45143
0.45120
0.45167
0.45055
0.45103
0.45163
0.45022
0.45087
0.45094
0.45115
0.45187
0.45329
0.45309
0.45360
0.45480
0.45442
0.45491
0.45369
0.45306
0.45382
0.45404
0.45431
0.45315
0.45284
0.45119
0.44983
0.44959
0.45089
0.45110
0.44967
0.44927
0.45039
0.45154
0.45164
0.45207
0.45370
0.45512
0.45472
0.45487
0.45432
0.45497
0.45439
0.45323
0.45235
0.45333
0.45306
0.45146
0.45085
0.45050
0.45152
0.45305
0.45436
0.45433
0.45538
0.45573
0.45406
0.45311
0.45252
0.45131
0.44905
0.44796
0.44822
0.45041
0.45014
0.44996
0.44904
0.44947
0.44961
0.44765
0.44784
0.44962
0.44918
0.44866
0.44913
0.44776
0.44739
0.44714
0.44777
0.44927
0.44918
0.44795
0.44843
0.44965
0.45005
0.45039
0.45089
0.45134
0.45127
0.45085
0.45146
0.45072
0.45006
0.45044
0.45009
0.45045
0.44936
0.45139
0.45014
0.44971
0.44736
0.44724
0.44658
0.44647
0.44584
0.44752
0.44548
0.44462
0.44480
0.44455
0.44253
0.44183
0.44181
0.44284
0.44367
0.44380
0.44437
0.44460
0.44534
0.44472
0.44561
0.44612
0.44780
0.44834
0.44680
0.44462
0.44423
0.44486
0.44404
0.44401
0.44458
0.44544
0.44588
0.44601
0.44668
0.44682
0.44724
0.44822
0.44782
0.44555
0.44538
0.44656
0.44749
0.44747
0.44657
0.44445
0.44524
0.44606
0.44694
0.44559
0.44581
0.44712
0.44594
0.44612
0.44808
0.44874
0.44891
0.44654
0.44886
0.44962
0.45075
0.45104
0.45036
0.44957
0.44990
0.44928
0.44975
0.45035
0.45207
0.45246
0.45106
0.44983
0.45017
0.44893
0.45052
0.45074
0.45017
0.45041
0.45105
0.45141
0.45090
0.45082
0.45016
0.45014
0.45110
0.44998
0.45164
0.45152
0.45085
0.45034
0.44991
0.44936
0.44966
0.45080
0.44999
0.44957
0.44951
0.44943
0.44901
0.44956
0.45067
0.45073
0.45163
0.45251
0.45227
0.45230
0.45144
0.45211
0.45329
0.45452
0.45638
0.45676
0.45729
0.45499
0.45571
0.45763
0.45676
0.45538
0.45488
0.45427
0.45458
0.45525
0.45632
0.45819
0.45825
0.45727
0.45700
0.45805
0.45796
0.45823
0.46019
0.45965
0.45993
0.45978
0.45901
0.45898
0.45831
0.45814
0.45728
0.45575
0.45400
0.45309
0.45272
0.45340
0.45366
0.45223
0.45225
0.45308
0.45430
0.45578
0.45552
0.45569
0.45395
0.45503
0.45643
0.45674
0.45608
0.45536
0.45361
0.45260
0.45167
0.45245
0.45286
0.45404
0.45558
0.45463
0.45408
0.45449
0.45378
0.45422
0.45415
0.45310
0.45327
0.45419
0.45459
0.45489
0.45540
0.45415
0.45384
0.45391
0.45412
0.45548
0.45633
0.45648
0.45550
0.45653
0.45593
0.45641
0.45789
0.45812
0.45843
0.45749
0.45910
0.45858
0.45701
0.45652
0.45716
0.45746
0.45813
0.45651
0.45775
0.45837
0.45982
0.46084
0.46021
0.45927
0.45835
0.45813
0.45871
0.45986
0.46065
0.46100
0.45930
0.45742
0.45858
0.45835
0.45836
0.45853
0.45703
0.45699
0.45604
0.45501
0.45548
0.45659
0.45620
0.45544
0.45405
0.45222
0.45305
0.45445
0.45461
0.45419
0.45475
0.45256
0.45425
0.45359
0.45478
0.45432
0.45616
0.45620
0.45628
0.45750
0.45674
0.45853
0.45767
0.45618
0.45464
0.45420
0.45279
0.45554
0.45491
0.45429
0.45563
0.45425
0.45545
0.45753
0.45599
0.45638
0.45528
0.45606
0.45617
0.45531
0.45539
0.45568
0.45719
0.45687
0.45721
0.45716
0.45540
0.45601
0.45807
0.45846
0.45926
0.45913
0.45654
0.45675
0.45700
0.45725
0.45784
0.45800
0.45840
0.45877
0.45874
0.45774
0.45865
0.45989
0.46029
0.46110
0.45968
0.46013
0.46090
0.46142
0.46069
0.46133
0.46238
0.46111
0.45848
0.45937
0.45880
0.46003
0.45899
0.45878
0.45793
0.45900
0.45887
0.45840
0.45776
0.45713
0.45787
0.45729
0.45956
0.46035
0.45939
0.46097
0.46051
0.45853
0.45711
0.45736
0.45649
0.45545
0.45465
0.45540
0.45649
0.45630
0.45547
0.45433
0.45521
0.45723
0.45696
0.45599
0.45606
0.45695
0.45811
0.45836
0.45849
0.45893
0.46067
0.46109
0.46031
0.45968
0.45995
0.45969
0.45896
0.46002
0.45900
0.45904
0.45720
0.45686
0.45623
0.45663
0.45750
0.45811
0.45868
0.45950
0.46026
0.45878
0.45928
0.45939
0.45907
0.46043
0.45983
0.45978
0.45890
0.46006
0.46074
0.46016
0.46026
0.45936
0.45893
0.45705
0.45732
0.45675
0.45783
0.45676
0.45653
0.45812
0.45747
0.45795
0.45808
0.46066
0.46108
0.46183
0.46155
0.46023
0.45907
0.45864
0.45679
0.45763
0.45645
0.45644
0.45546
0.45391
0.45365
0.45299
0.45355
0.45275
0.45442
0.45547
0.45545
0.45704
0.45663
0.45509
0.45453
0.45547
0.45638
0.45665
0.45568
0.45634
0.45513
0.45516
0.45443
0.45425
0.45557
0.45534
0.45467
0.45499
0.45460
0.45481
0.45643
0.45605
0.45532
0.45529
0.45446
0.45460
0.45595
0.45710
0.45828
0.45791
0.45902
0.45833
0.45870
0.45749
0.45733
0.45812
0.45648
0.45351
0.45391
0.45396
0.45488
0.45440
0.45338
0.45412
0.45296
0.45412
0.45439
0.45514
0.45351
0.45455
0.45489
0.45675
0.45565
0.45765
0.45671
0.45409
0.45404
0.45519
0.45393
0.45520
0.45509
0.45527
0.45503
0.45476
0.45325
0.45408
0.45238
0.45255
0.45401
0.45487
0.45329
0.45245
0.45216
0.45463
0.45450
0.45582
0.45540
0.45499
0.45531
0.45749
0.45618
0.45688
0.45775
0.45862
0.45741
0.45877
0.45912
0.45875
0.46005
0.46058
0.46057
0.46038
0.46082
0.46000
0.46093
0.46047
0.46026
0.45910
0.46182
0.46068
0.46064
0.46035
0.45979
0.45972
0.45965
0.45993
0.45885
0.45730
0.45787
0.45881
0.45864
0.45850
0.45886
0.45840
0.45987
0.45978
0.45971
0.45871
0.45907
0.45841
0.45952
0.45788
0.45977
0.45945
0.45939
0.46079
0.46227
0.46287
0.46272
0.46242
0.46154
0.46108
0.46080
0.46055
0.46052
0.46088
0.46147
0.46203
0.46078
0.46008
0.45958
0.46059
0.46025
0.46073
0.46108
0.45983
0.45937
0.46050
0.45968
0.46060
0.45917
0.46007
0.45790
0.45814
0.45667
0.45840
0.45718
0.45589
0.45632
0.45625
0.45575
0.45661
0.45619
0.45642
0.45537
0.45714
0.45936
0.45944
0.46031
0.45941
0.45877
0.45832
0.45721
0.45680
0.45767
0.45936
0.46034
0.46109
0.45916
0.45952
0.45874
0.45934
0.45979
0.46070
0.45999
0.46200
0.46202
0.46181
0.46234
0.46416
0.46365
0.46271
0.46204
0.46301
0.46327
0.46312
0.46252
0.46262
0.46364
0.46439
0.46524
0.46357
0.46384
0.46339
0.46444
0.46498
0.46511
0.46549
0.46638
0.46604
0.46656
0.46731
0.46595
0.46575
0.46635
0.46675
0.46592
0.46510
0.46514
0.46469
0.46381
0.46394
0.46407
0.46436
0.46503
0.46400
0.46342
0.46482
0.46405
0.46261
0.46461
0.46425
0.46507
0.46421
0.46256
0.46356
0.46254
0.46195
0.46133
0.46078
0.45985
0.46094
0.46187
0.46413
0.46542
0.46667
0.46521
0.46504
0.46664
0.46693
0.46695
0.46599
0.46504
0.46395
0.46397
0.46415
0.46288
0.46287
0.46236
0.46137
0.45952
0.46081
0.46057
0.45919
0.45951
0.46050
0.46046
0.46048
0.45851
0.45841
0.46024
0.46018
0.46007
0.46111
0.46034
0.46042
0.45887
0.46144
0.46098
0.46108
0.46034
0.46057
0.45995
0.46067
0.46015
0.46086
0.46004
0.46147
0.46023
0.46077
0.46158
0.45988
0.45991
0.46030
0.46008
0.46060
0.46142
0.46254
0.46231
0.46104
0.46038
0.46248
0.46395
0.46394
0.46229
0.46455
0.46428
0.46341
0.46234
0.46425
0.46494
0.46497
0.46337
0.46393
0.46361
0.46641
0.46441
0.46527
0.46454
0.46437
0.46352
0.46327
0.46316
0.46146
0.46065
0.46037
0.46044
0.46121
0.46282
0.46295
0.46291
0.46425
0.46303
0.46416
0.46411
0.46390
0.46368
0.46421
0.46389
0.46200
0.46255
0.46181
0.46075
0.45916
0.46039
0.46083
0.46149
0.46062
0.46044
0.46180
0.46161
0.46120
0.45981
0.46072
0.46067
0.46073
0.45778
0.45900
0.46019
0.46009
0.46112
0.46028
0.45971
0.46239
0.46340
0.46169
0.46146
0.46212
0.46328
0.46322
0.46310
0.46133
0.46062
0.46106
0.46087
0.46189
0.46278
0.46154
0.46169
0.46031
0.46050
0.46036
0.46041
0.45993
0.46038
0.45945
0.45788
0.45774
0.45798
0.45828
0.45880
0.45814
0.45915
0.45916
0.45769
0.45722
0.45695
0.45777
0.45654
0.45599
0.45447
0.45277
0.45383
0.45332
0.45466
0.45616
0.45696
0.45508
0.45473
0.45467
0.45412
0.45280
0.45187
0.45207
0.45157
0.44942
0.44927
0.45132
0.45156
0.45030
0.45052
0.44952
0.45108
0.45218
0.45367
0.45444
0.45259
0.45232
0.45522
0.45482
0.45646
0.45546
0.45280
0.45147
0.45101
0.45172
0.44984
0.44937
0.44991
0.44865
0.44857
0.44724
0.44634
0.44692
0.44669
0.44623
0.44475
0.44358
0.44256
0.44386
0.44306
0.44245
0.44332
0.44343
0.44477
0.44595
0.44677
0.44818
0.44615
0.44627
0.44640
0.44620
0.44649
0.44754
0.44784
0.44686
0.44622
0.44427
0.44271
0.44066
0.43961
0.43898
0.43848
0.43745
0.44154
0.44348
0.44208
0.44336
0.44095
0.43983
0.43985
0.44137
0.44196
0.44211
0.44087
0.44178
0.44214
0.44190
0.44353
0.44625
0.44608
0.44806
0.44616
0.44624
0.44565
0.44677
0.44603
0.44469
0.44605
0.44491
0.44442
0.44583
0.44673
0.44721
0.44708
0.44498
0.44519
0.44454
0.44471
0.44296
0.44404
0.44577
0.44681
0.44389
0.44057
0.44052
0.44053
0.44014
0.44126
0.44383
0.44205
0.44127
0.44224
0.44228
0.44435
0.44306
0.44353
0.44305
0.44267
0.44157
0.44082
0.44143
0.44163
0.44237
0.44402
0.44346
0.44557
0.44452
0.44470
0.44543
0.44611
0.44493
0.44353
0.44366
0.44469
0.44449
0.44384
0.44336
0.44335
0.44312
0.44301
0.44183
0.44168
0.44036
0.44242
0.44337
0.44448
0.44393
0.44138
0.44247
0.44310
0.44194
0.44406
0.44242
0.44217
0.44128
0.44021
0.43991
0.44105
0.44234
0.44250
0.44201
0.44090
0.44343
0.44268
0.44191
0.44111
0.44193
0.44296
0.44420
0.44249
0.44243
0.44147
0.43937
0.44085
0.43860
0.43897
0.43935
0.43930
0.43776
0.43846
0.43761
0.43804
0.43887
0.43938
0.43739
0.43742
0.43848
0.43856
0.43931
0.43915
0.43818
0.43785
0.43951
0.43892
0.43934
0.44005
0.44056
0.44104
0.44201
0.44177
0.44071
0.43979
0.44029
0.44115
0.44061
0.43868
0.43913
0.44006
0.44146
0.44051
0.44040
0.44109
0.44256
0.44207
0.44348
0.44345
0.44407
0.44595
0.44681
0.44642
0.44812
0.44948
0.44879
0.45082
0.45210
0.45133
0.45195
0.45119
0.45360
0.45175
0.45220
0.44980
0.44946
0.44716
0.44865
0.44962
0.44994
0.44990
0.45035
0.45106
0.45351
0.45286
0.45335
0.45322
0.45172
0.44998
0.45062
0.45118
0.45021
0.45125
0.45054
0.44916
0.44816
0.44747
0.44596
0.44589
0.44671
0.44854
0.44815
0.44687
0.44667
0.44630
0.44738
0.44749
0.44824
0.44790
0.44816
0.44911
0.44880
0.44881
0.44910
0.45027
0.45154
0.45279
0.45144
0.45039
0.45109
0.45017
0.44854
0.44992
0.45210
0.45136
0.45172
0.45281
0.45406
0.45541
0.45476
0.45382
0.45455
0.45314
0.45282
0.45220
0.45355
0.45269
0.45325
0.45283
0.45300
0.45078
0.45089
0.45082
0.45026
0.45106
0.45196
0.45236
0.45414
0.45391
0.45235
0.45201
0.45342
0.45188
0.45212
0.45269
0.45468
0.45421
0.45371
0.45404
0.45427
0.45308
0.45168
0.45254
0.45260
0.45267
0.45341
0.45442
0.45523
0.45363
0.45160
0.45172
0.45046
0.45173
0.45210
0.45101
0.45087
0.45119
0.45194
0.45221
0.45039
0.44993
0.44894
0.44757
0.44786
0.44840
0.44519
0.44441
0.44381
0.44438
0.44349
0.44537
0.44734
0.44871
0.44987
0.45092
0.45028
0.45075
0.45095
0.45204
0.45329
0.45445
0.45325
0.45271
0.45462
0.45475
0.45369
0.45246
0.45395
0.45479
0.45290
0.45216
0.45002
0.45181
0.45240
0.45199
0.45051
0.45060
0.45002
0.45031
0.45199
0.45245
0.45313
0.45364
0.45460
0.45465
0.45430
0.45540
0.45383
0.45395
0.45239
0.45221
0.45165
0.45170
0.45144
0.45201
0.45233
0.45491
0.45426
0.45450
0.45326
0.45320
0.45272
0.45240
0.45291
0.45184
0.45404
0.45369
0.45437
0.45480
0.45583
0.45587
0.45720
0.45735
0.45668
0.45689
0.45738
0.45876
0.45939
0.45823
0.45936
0.45925
0.45947
0.45869
0.46061
0.46035
0.45988
0.45915
0.46030
0.46074
0.46143
0.46075
0.45913
0.45759
0.45593
0.45553
0.45638
0.45557
0.45449
0.45470
0.45385
0.45317
0.45365
0.45526
0.45476
0.45402
0.45408
0.45419
0.45403
0.45301
0.45509
0.45425
0.45273
0.45428
0.45489
0.45583
0.45758
0.45949
0.45841
0.45809
0.45812
0.45767
0.45711
0.45751
0.45917
0.45836
0.45762
0.45823
0.45623
0.45622
0.45544
0.45527
0.45489
0.45546
0.45555
0.45435
0.45330
0.45258
0.45459
0.45431
0.45493
0.45452
0.45637
0.45695
0.45769
0.45724
0.45749
0.45714
0.45834
0.45840
0.45866
0.45728
0.45665
0.45543
0.45447
0.45531
0.45497
0.45380
0.45399
0.45187
0.45270
0.45347
0.45239
0.45217
0.45301
0.45363
0.45388
0.45321
0.45367
0.45633
0.45702
0.45831
0.45991
0.45868
0.45965
0.45765
0.45852
0.45844
0.45754
0.45766
0.45839
0.46014
0.46002
0.46039
0.45929
0.45800
0.45892
0.45931
0.45959
0.46002
0.46091
0.46105
0.46032
0.46089
0.46087
0.46096
0.46176
0.46024
0.45838
0.45872
0.45774
0.45704
0.45844
0.45894
0.45742
0.45923
0.45985
0.45852
0.45859
0.45862
0.45944
0.45842
0.45812
0.45693
0.45630
0.45610
0.45534
0.45660
0.45561
0.45428
0.45311
0.45171
0.45330
0.45472
0.45525
0.45386
0.45292
0.45375
0.45263
0.45162
0.45248
0.45413
0.45501
0.45519
0.45682
0.45578
0.45384
0.45431
0.45405
0.45527
0.45594
0.45445
0.45484
0.45446
0.45403
0.45494
0.45534
0.45620
0.45620
0.45480
0.45411
0.45303
0.45255
0.45092
0.45108
0.45175
0.45501
0.45638
0.45614
0.45554
0.45527
0.45563
0.45742
0.45745
0.45778
0.45828
0.45878
0.45956
0.45860
0.45777
0.45690
0.45835
0.45919
0.45771
0.45639
0.45641
0.45709
0.45687
0.45843
0.45940
0.46022
0.45979
0.45907
0.45920
0.46007
0.46078
0.45976
0.45974
0.46106
0.46008
0.45999
0.45916
0.45907
0.45962
0.46034
0.45996
0.45945
0.45941
0.45987
0.46058
0.46014
0.46200
0.46269
0.46354
0.46393
0.46319
0.46272
0.46312
0.46147
0.46203
0.45974
0.45835
0.45916
0.45902
0.46092
0.46157
0.45980
0.46137
0.46107
0.46195
0.46204
0.46276
0.46188
0.46258
0.46142
0.46266
0.46342
0.46352
0.46201
0.46248
0.46345
0.46171
0.46419
0.46440
0.46311
0.46249
0.46191
0.46195
0.46022
0.46021
0.46073
0.46110
0.46090
0.46163
0.46239
0.46146
0.46197
0.46121
0.45968
0.45981
0.46123
0.46088
0.46083
0.46000
0.45857
0.45790
0.45860
0.45907
0.45894
0.45863
0.45820
0.45876
0.45942
0.45911
0.46119
0.45953
0.45880
0.45760
0.45838
0.45712
0.45756
0.45767
0.45979
0.45912
0.45974
0.45985
0.46012
0.46031
0.46073
0.45981
0.45928
0.46053
0.45960
0.45962
0.46107
0.46171
0.46237
0.46266
0.46276
0.46353
0.46494
0.46479
0.46503
0.46506
0.46658
0.46760
0.46666
0.46734
0.46541
0.46541
0.46569
0.46388
0.46476
0.46556
0.46623
0.46417
0.46495
0.46489
0.46276
0.46382
0.46371
0.46376
0.46356
0.46540
0.46533
0.46568
0.46537
0.46822
0.46775
0.46761
0.46759
0.46742
0.46775
0.46767
0.46840
0.46739
0.46589
0.46498
0.46406
0.46175
0.46365
0.46361
0.46230
0.46292
0.46249
0.46130
0.46054
0.46043
0.45855
0.45772
0.45872
0.46007
0.45999
0.46018
0.46025
0.46165
0.45868
0.46001
0.46042
0.45954
0.45974
0.45926
0.46001
0.46048
0.45996
0.45948
0.45916
0.46002
0.46026
0.45923
0.46028
0.46340
0.46235
0.46213
0.46203
0.46274
0.46280
0.46308
0.46257
0.46311
0.46233
0.46145
0.46088
0.46007
0.45871
0.45662
0.45734
0.45660
0.45723
0.45773
0.45818
0.45924
0.45873
0.45797
0.45856
0.45782
0.45747
0.45808
0.45755
0.45563
0.45482
0.45550
0.45625
0.45523
0.45533
0.45667
0.45711
0.45719
0.45903
0.45847
0.45768
0.45715
0.45784
0.45892
0.46121
0.46294
0.46271
0.46260
0.46382
0.46307
0.46334
0.46353
0.46336
0.46433
0.46371
0.46440
0.46484
0.46405
0.46453
0.46493
0.46463
0.46387
0.46372
0.46394
0.46372
0.46332
0.46195
0.46054
0.46248
0.46158
0.46183
0.46257
0.46276
0.46292
0.46188
0.46215
0.46058
0.46028
0.46142
0.45968
0.46023
0.46093
0.46069
0.46139
0.46160
0.46197
0.46194
0.46283
0.46402
0.46492
0.46629
0.46747
0.46670
0.46627
0.46477
0.46503
0.46488
0.46388
0.46320
0.46327
0.46261
0.46186
0.46314
0.46255
0.46208
0.46242
0.46154
0.45978
0.45948
0.45933
0.46075
0.46150
0.46158
0.46019
0.46064
0.46120
0.46182
0.46269
0.46261
0.46163
0.45989
0.46095
0.45974
0.45899
0.45920
0.45807
0.45864
0.45837
0.45869
0.45969
0.45987
0.46015
0.45858
0.45829
0.45739
0.45827
0.46075
0.46021
0.46233
0.46136
0.46222
0.46164
0.46323
0.46452
0.46407
0.46432
0.46382
0.46348
0.46382
0.46325
0.46310
0.46329
0.46258
0.46101
0.46114
0.45903
0.45809
0.45839
0.45815
0.45898
0.45884
0.45845
0.45917
0.45971
0.46076
0.45975
0.46011
0.46112
0.46128
0.46255
0.46298
0.46349
0.46361
0.46220
0.46151
0.46125
0.46059
0.45930
0.45961
0.46044
0.46013
0.45908
0.45737
0.45701
0.45815
0.45911
0.46029
0.45985
0.46082
0.45916
0.45889
0.46000
0.45960
0.46047
0.46064
0.46133
0.46242
0.46155
0.46034
0.46052
0.46097
0.46063
0.46087
0.45984
0.46081
0.46125
0.45996
0.45954
0.45951
0.46097
0.45975
0.45907
0.45821
0.45874
0.45718
0.45698
0.45766
0.45773
0.45865
0.45879
0.45826
0.45640
0.45700
0.45623
0.45730
0.45634
0.45680
0.45689
0.45704
0.45415
0.45235
0.45097
0.44974
0.44952
0.44993
0.44754
0.44838
0.44928
0.44930
0.45014
0.45036
0.45014
0.45095
0.45357
0.45211
0.45150
0.45019
0.45097
0.45157
0.45138
0.45021
0.44961
0.44898
0.44924
0.45023
0.45122
0.45144
0.45258
0.45178
0.45277
0.45083
0.45139
0.45321
0.45345
0.45428
0.45353
0.45206
0.45322
0.45317
0.45395
0.45399
0.45323
0.45456
0.45455
0.45661
0.45574
0.45586
0.45751
0.45758
0.45742
0.45910
0.45865
0.45913
0.45755
0.45801
0.45648
0.45655
0.45467
0.45560
0.45661
0.45763
0.45655
0.45521
0.45591
0.45389
0.45425
0.45394
0.45446
0.45523
0.45561
0.45490
0.45344
0.45389
0.45425
0.45208
0.45319
0.45375
0.45406
0.45283
0.45210
0.45182
0.45182
0.45136
0.45141
0.45165
0.45204
0.45374
0.45277
0.45297
0.45381
0.45390
0.45387
0.45255
0.45349
0.45394
0.45265
0.45209
0.45312
0.45352
0.45306
0.45288
0.45322
0.45189
0.45076
0.45074
0.45231
0.45349
0.45185
0.45310
0.45417
0.45338
0.45519
0.45481
0.45634
0.45563
0.45578
0.45704
0.45575
0.45394
0.45320
0.45373
0.45347
0.45448
0.45162
0.45377
0.45539
0.45622
0.45679
0.45781
0.45682
0.45712
0.45708
0.45941
0.45737
0.45796
0.45857
0.45707
0.45783
0.45759
0.45747
0.45731
0.45755
0.45692
0.45636
0.45530
0.45430
0.45231
0.45281
0.45167
0.45051
0.45124
0.45069
0.44928
0.45002
0.45202
0.45064
0.45276
0.45377
0.45428
0.45437
0.45640
0.45561
0.45577
0.45510
0.45446
0.45518
0.45698
0.45551
0.45688
0.45633
0.45811
0.45753
0.45872
0.45772
0.45766
0.45863
0.45856
0.45799
0.45807
0.45784
0.45834
0.46110
0.46229
0.46130
0.46215
0.46246
0.46304
0.46276
0.46216
0.46244
0.46147
0.46201
0.46207
0.46253
0.46275
0.46309
0.46109
0.46244
0.46355
0.46240
0.46240
0.46156
0.46285
0.46405
0.46548
0.46651
0.46541
0.46418
0.46427
0.46458
0.46442
0.46442
0.46383
0.46528
0.46709
0.46504
0.46532
0.46596
0.46590
0.46622
0.46765
0.46734
0.46705
0.46598
0.46557
0.46606
0.46566
0.46580
0.46409
0.46508
0.46524
0.46389
0.46305
0.46367
0.46544
0.46615
0.46662
0.46382
0.46350
0.46256
0.46449
0.46580
0.46481
0.46365
0.46418
0.46288
0.46213
0.46149
0.46160
0.46298
0.46311
0.46428
0.46375
0.46243
0.46082
0.45970
0.46004
0.45996
0.46088
0.46126
0.45906
0.45984
0.45965
0.46007
0.46188
0.46103
0.46285
0.46112
0.46178
0.46153
0.46070
0.45998
0.46176
0.46247
0.46235
0.46113
0.46223
0.46232
0.46241
0.46196
0.46124
0.46132
0.46212
0.46142
0.46143
0.46113
0.46295
0.46229
0.46344
0.46263
0.46225
0.46184
0.46207
0.46248
0.46202
0.46332
0.46165
0.46153
0.46075
0.46130
0.46236
0.46436
0.46263
0.46184
0.46197
0.46289
0.46207
0.46354
0.46367
0.46484
0.46564
0.46505
0.46421
0.46394
0.46411
0.46344
0.46393
0.46418
0.46380
0.46354
0.46239
0.46126
0.46152
0.46172
0.46238
0.46278
0.46333
0.46331
0.46312
0.46455
0.46453
0.46466
0.46652
0.46711
0.46587
0.46411
0.46325
0.46270
0.46227
0.46247
0.46258
0.46208
0.46284
0.46303
0.46071
0.46166
0.46027
0.46048
0.46020
0.46087
0.46033
0.45923
0.46041
0.46002
0.45850
0.45741
0.45627
0.45801
0.45774
0.45779
0.45752
0.45688
0.45671
0.45634
0.45664
0.45625
0.45762
0.45809
0.45894
0.45944
0.46021
0.45816
0.45880
0.45908
0.45839
0.45598
0.45574
0.45604
0.45436
0.45429
0.45526
0.45472
0.45567
0.45706
0.45675
0.45809
0.45705
0.45859
0.45931
0.45910
0.46074
0.45938
0.45837
0.45727
0.45705
0.45750
0.45792
0.45832
0.45864
0.45826
0.45773
0.45852
0.45959
0.46090
0.46170
0.46199
0.46082
0.46101
0.46012
0.46228
0.46222
0.46157
0.46074
0.46116
0.46162
0.46100
0.46073
0.46108
0.46138
0.46316
0.46227
0.46291
0.46260
0.46179
0.46160
0.46125
0.46003
0.46180
0.46170
0.46115
0.46171
0.46169
0.46171
0.46164
0.46104
0.45989
0.46099
0.46067
0.45977
0.46019
0.46045
0.46097
0.46076
0.45945
0.46060
0.46236
0.46112
0.46050
0.45964
0.46155
0.46037
0.46073
0.45951
0.45942
0.46006
0.46135
0.46143
0.45959
0.46104
0.46019
0.46145
0.46214
0.46251
0.46184
0.46243
0.46116
0.46074
0.46087
0.46180
0.46204
0.46255
0.46252
0.46146
0.46184
0.46091
0.46145
0.46170
0.45981
0.46185
0.46380
0.46396
0.46347
0.46443
0.46456
0.46431
0.46494
0.46542
0.46675
0.46488
0.46400
0.46300
0.46376
0.46508
0.46539
0.46420
0.46376
0.46555
0.46655
0.46655
0.46661
0.46553
0.46642
0.46731
0.46681
0.46731
0.46837
0.46793
0.46817
0.46827
0.46769
0.46646
0.46680
0.46645
0.46570
0.46517
0.46489
0.46478
0.46601
0.46590
0.46515
0.46508
0.46460
0.46451
0.46446
0.46490
0.46445
0.46575
0.46441
0.46467
0.46296
0.46366
0.46445
0.46540
0.46609
0.46498
0.46474
0.46415
0.46464
0.46338
0.46229
0.46203
0.46170
0.46080
0.46121
0.46310
0.46456
0.46547
0.46498
0.46531
0.46504
0.46367
0.46354
0.46434
0.46489
0.46693
0.46540
0.46581
0.46564
0.46480
0.46498
0.46385
0.46483
0.46549
0.46587
0.46546
0.46539
0.46638
0.46664
0.46532
0.46646
0.46754
0.46623
0.46563
0.46666
0.46522
0.46520
0.46627
0.46549
0.46636
0.46558
0.46430
0.46216
0.46238
0.46201
0.46233
0.46228
0.46181
0.46200
0.46189
0.46168
0.46167
0.46187
0.46308
0.46127
0.46225
0.46077
0.46209
0.46296
0.46310
0.46169
0.46305
0.46466
0.46516
0.46365
0.46391
0.46521
0.46711
0.46684
0.46642
0.46650
0.46629
0.46537
0.46540
0.46645
0.46801
0.46668
0.46709
0.46771
0.46803
0.46806
0.46808
0.46744
0.46764
0.46687
0.46658
0.46627
0.46387
0.46378
0.46461
0.46587
0.46467
0.46297
0.46300
0.46312
0.46367
0.46432
0.46329
0.46369
0.46268
0.46320
0.46224
0.46127
0.46161
0.46094
0.46197
0.46320
0.46339
0.46303
0.46246
0.46290
0.46231
0.46192
0.46150
0.46116
0.46107
0.46105
0.45799
0.45803
0.45941
0.45903
0.45929
0.45679
0.45784
0.45636
0.45910
0.45948
0.46056
0.46160
0.46187
0.46111
0.46147
0.46076
0.46054
0.45996
0.45982
0.45762
0.45801
0.45795
0.45661
0.45509
0.45509
0.45428
0.45576
0.45513
0.45514
0.45617
0.45703
0.45694
0.45778
0.45895
0.45752
0.45820
0.45743
0.45642
0.45626
0.45701
0.45804
0.45904
0.45725
0.45814
0.45837
0.45898
0.45842
0.45775
0.45917
0.45886
0.45901
0.45895
0.45917
0.46029
0.46067
0.46064
0.46131
0.45974
0.45924
0.45877
0.45947
0.46074
0.45743
0.45870
0.45920
0.45931
0.46067
0.46148
0.46155
0.46155
0.46005
0.46011
0.46073
0.46091
0.46111
0.46080
0.45977
0.45947
0.45920
0.45889
0.46059
0.45943
0.46180
0.46025
0.45969
0.45889
0.45862
0.45788
0.45907
0.45827
0.45672
0.45661
0.45535
0.45540
0.45582
0.45487
0.45594
0.45485
0.45411
0.45357
0.45351
0.45504
0.45580
0.45441
0.45482
0.45429
0.45366
0.45504
0.45833
0.45983
0.45778
0.45718
0.45797
0.45769
0.45876
0.45800
0.45820
0.45607
0.45638
0.45630
0.45384
0.45241
0.45125
0.45106
0.45217
0.45350
0.45436
0.45462
0.45448
0.45346
0.45307
0.45308
0.45209
0.45253
0.45422
0.45217
0.45409
0.45217
0.45387
0.45472
0.45366
0.45441
0.45397
0.45448
0.45443
0.45681
0.45602
0.45660
0.45672
0.45610
0.45732
0.45706
0.45731
0.45530
0.45499
0.45401
0.45406
0.45589
0.45804
0.45877
0.45901
0.45967
0.45724
0.45753
0.45609
0.45547
0.45732
0.45625
0.45592
0.45591
0.45648
0.45846
0.45873
0.45925
0.45919
0.45852
0.45828
0.45792
0.45618
0.45822
0.45734
0.45683
0.45618
0.45746
0.45615
0.45498
0.45515
0.45509
0.45429
0.45389
0.45441
0.45600
0.45530
0.45329
0.45258
0.45348
0.45243
0.45397
0.45406
0.45428
0.45304
0.45421
0.45459
0.45512
0.45396
0.45578
0.45414
0.45410
0.45298
0.45304
0.45495
0.45466
0.45677
0.45726
0.45734
0.45640
0.45632
0.45727
0.45852
0.45683
0.45888
0.45883
0.45925
0.46081
0.45946
0.46020
0.46053
0.46165
0.46275
0.46027
0.46168
0.46111
0.46038
0.46031
0.46039
0.46046
0.45964
0.46032
0.46093
0.46015
0.45850
0.45826
0.45881
0.45753
0.45643
0.45693
0.45832
0.45793
0.45668
0.45662
0.45573
0.45557
0.45669
0.45702
0.45602
0.45637
0.45664
0.45674
0.45613
0.45693
0.45627
0.45437
0.45312
0.45255
0.45383
0.45429
0.45293
0.45289
0.45374
0.45480
0.45573
0.45662
0.45660
0.45745
0.45782
0.45631
0.45575
0.45569
0.45449
0.45446
0.45307
0.45284
0.45214
0.45074
0.45068
0.45153
0.45305
0.45258
0.45443
0.45497
0.45368
0.45393
0.45322
0.45266
0.45227
0.45169
0.45207
0.45164
0.45034
0.45136
0.45244
0.45311
0.45261
0.45271
0.45350
0.45413
0.45401
0.45394
0.45411
0.45760
0.45646
0.45757
0.45800
0.45765
0.45570
0.45618
0.45562
0.45543
0.45491
0.45621
0.45686
0.45607
0.45552
0.45763
0.45746
0.45609
0.45614
0.45472
0.45550
0.45445
0.45354
0.45434
0.45504
0.45557
0.45524
0.45509
0.45775
0.45690
0.45442
0.45588
0.45443
0.45462
0.45504
0.45479
0.45460
0.45384
0.45456
0.45355
0.45381
0.45431
0.45586
0.45559
0.45708
0.45689
0.45644
0.45542
0.45471
0.45393
0.45428
0.45431
0.45420
0.45692
0.45730
0.45665
0.45621
0.45636
0.45551
0.45466
0.45540
0.45449
0.45552
0.45620
0.45688
0.45979
0.45898
0.45674
0.45729
0.45631
0.45535
0.45500
0.45452
0.45529
0.45372
0.45360
0.45393
0.45297
0.45177
0.45119
0.45160
0.45146
0.45243
0.45221
0.45197
0.45382
0.45295
0.45148
0.45175
0.45165
0.45022
0.44958
0.45096
0.45096
0.45145
0.45156
0.45157
0.45126
0.45412
0.45281
0.45376
0.45376
0.45243
0.45316
0.45280
0.45152
0.44901
0.44908
0.44911
0.44920
0.45043
0.44993
0.44864
0.45060
0.45096
0.45107
0.45191
0.44982
0.44925
0.44973
0.44900
0.44955
0.45032
0.45073
0.45134
0.44912
0.44858
0.44948
0.44938
0.44948
0.44918
0.45127
0.45153
0.45088
0.44926
0.44652
0.44527
0.44579
0.44523
0.44478
0.44539
0.44496
0.44474
0.44439
0.44364
0.44230
0.44239
0.44127
0.44338
0.44289
0.44047
0.44071
0.44245
0.44293
0.44365
0.44465
0.44504
0.44655
0.44863
0.44729
0.44969
0.44833
0.44825
0.44907
0.44945
0.44921
0.44773
0.44581
0.44472
0.44467
0.44476
0.44313
0.44617
0.44753
0.44781
0.44582
0.44595
0.44630
0.44660
0.44547
0.44384
0.44464
0.44482
0.44447
0.44616
0.44685
0.44772
0.44666
0.44514
0.44491
0.44617
0.44635
0.44689
0.44624
0.44795
0.44722
0.44733
0.44595
0.44180
0.44015
0.44108
0.44137
0.44277
0.44269
0.44501
0.44478
0.44512
0.44489
0.44505
0.44393
0.44247
0.44237
0.44184
0.44353
0.44321
0.44105
0.44009
0.43971
0.44155
0.44200
0.44218
0.44329
0.44318
0.44372
0.44445
0.44685
0.44565
0.44639
0.44596
0.44604
0.44786
0.44728
0.44602
0.44590
0.44517
0.44616
0.44479
0.44817
0.44814
0.44923
0.44954
0.44729
0.44443
0.44392
0.44222
0.44439
0.44456
0.44503
0.44533
0.44614
0.44643
0.44612
0.44568
0.44617
0.44738
0.44806
0.44872
0.44898
0.44846
0.44838
0.44840
0.45091
0.44971
0.45037
0.45073
0.45023
0.45220
0.45256
0.45365
0.45357
0.45319
0.45420
0.45271
0.45376
0.45571
0.45395
0.45501
0.45701
0.45727
0.45714
0.45781
0.45728
0.45717
0.45839
0.45972
0.45902
0.45826
0.45773
0.45729
0.45775
0.45940
0.45811
0.45660
0.45761
0.45614
0.45625
0.45783
0.45763
0.45863
0.45986
0.45922
0.45919
0.45991
0.45941
0.46011
0.45826
0.45944
0.45887
0.45920
0.46038
0.45941
0.45909
0.46015
0.45986
0.45786
0.45834
0.45860
0.45855
0.45831
0.45814
0.45816
0.45844
0.45658
0.45423
0.45529
0.45642
0.45433
0.45542
0.45711
0.45631
0.45533
0.45630
0.45511
0.45751
0.45565
0.45713
0.45768
0.45939
0.46072
0.45952
0.45926
0.45864
0.46086
0.46150
0.46120
0.45884
0.45881
0.45793
0.45699
0.45688
0.45621
0.45789
0.45883
0.45884
0.45761
0.45850
0.45756
0.45715
0.45836
0.45765
0.45818
0.45718
0.45721
0.45768
0.45778
0.45937
0.45880
0.45895
0.45754
0.45652
0.45632
0.45776
0.45926
0.46003
0.45995
0.45982
0.46138
0.46165
0.46081
0.46000
0.45980
0.45996
0.45887
0.45854
0.45826
0.45813
0.45918
0.45937
0.45933
0.46037
0.46176
0.46148
0.46140
0.46092
0.46118
0.46114
0.46118
0.46067
0.46094
0.45994
0.45997
0.45933
0.45952
0.45856
0.45721
0.45808
0.45822
0.45698
0.45810
0.45947
0.45938
0.45961
0.45852
0.45915
0.45909
0.45872
0.45568
0.45778
0.45748
0.45649
0.45642
0.45721
0.45800
0.45726
0.45924
0.45910
0.45680
0.45661
0.45557
0.45541
0.45505
0.45513
0.45519
0.45601
0.45715
0.45793
0.45775
0.45831
0.45821
0.45894
0.45936
0.46055
0.46046
0.46005
0.45914
0.45940
0.46027
0.45858
0.46006
0.45978
0.45988
0.45670
0.45539
0.45501
0.45641
0.45661
0.45796
0.46021
0.46128
0.46378
0.46357
0.46298
0.46297
0.46129
0.46050
0.46033
0.45924
0.45878
0.45907
0.45951
0.45895
0.45853
0.45801
0.45847
0.45958
0.45986
0.46020
0.46027
0.46070
0.46157
0.46269
0.46272
0.46226
0.46268
0.46215
0.46232
0.46154
0.46063
0.45975
0.46040
0.46146
0.46187
0.46202
0.46316
0.46393
0.46439
0.46228
0.46191
0.46321
0.46263
0.46078
0.46042
0.45819
0.45836
0.45813
0.45569
0.45594
0.45678
0.45760
0.45573
0.45551
0.45723
0.45768
0.45917
0.45857
0.45860
0.46022
0.46147
0.46141
0.46199
0.46009
0.46028
0.46129
0.46125
0.46160
0.46197
0.46205
0.46281
0.46313
0.46254
0.46271
0.46274
0.46260
0.46265
0.46403
0.46455
0.46282
0.46387
0.46350
0.46333
0.46284
0.46172
0.45972
0.45957
0.45970
0.45879
0.45797
0.45863
0.46073
0.46086
0.46187
0.46036
0.45971
0.45871
0.45942
0.46093
0.45855
0.45961
0.45976
0.46013
0.45999
0.46083
0.45986
0.45893
0.45929
0.46041
0.45852
0.45869
0.45806
0.45823
0.45815
0.45651
0.45816
0.45830
0.45748
0.45898
0.45811
0.45887
0.45907
0.45976
0.45855
0.45885
0.45835
0.45767
0.45681
0.45564
0.45470
0.45709
0.45702
0.45674
0.45796
0.45616
0.45399
0.45452
0.45692
0.45732
0.45713
0.45772
0.45852
0.45915
0.45909
0.45982
0.45997
0.45912
0.45853
0.45865
0.46026
0.46094
0.45961
0.45915
0.46018
0.46056
0.46001
0.45911
0.45974
0.46139
0.46129
0.46155
0.46310
0.46268
0.46333
0.46193
0.46223
0.46155
0.45981
0.45832
0.45718
0.45830
0.45796
0.45960
0.46079
0.46094
0.46261
0.46161
0.46035
0.46003
0.45920
0.45969
0.45965
0.45945
0.45985
0.45974
0.45945
0.45841
0.45761
0.45651
0.45603
0.45671
0.45793
0.45844
0.46023
0.46092
0.46004
0.46209
0.46146
0.46174
0.46137
0.46081
0.46078
0.46170
0.46052
0.46135
0.46126
0.46161
0.46206
0.45994
0.46047
0.45820
0.45801
0.45816
0.45836
0.45904
0.45884
0.45770
0.45641
0.45632
0.45709
0.45665
0.45819
0.45734
0.45756
0.45837
0.45789
0.46006
0.45983
0.45864
0.45815
0.45876
0.45884
0.45924
0.45751
0.45795
0.45658
0.45758
0.45775
0.45661
0.45607
0.45805
0.45720
0.45650
0.45797
0.45634
0.45632
0.45798
0.45861
0.45963
0.45845
0.45853
0.46019
0.46022
0.46007
0.46018
0.45978
0.45872
0.45901
0.45786
0.45813
0.45818
0.45608
0.45618
0.45477
0.45676
0.45656
0.45540
0.45597
0.45579
0.45490
0.45636
0.45754
0.45911
0.45818
0.45960
0.46243
0.46217
0.46037
0.45826
0.45881
0.45962
0.46024
0.46035
0.46023
0.46096
0.46063
0.46173
0.45974
0.45788
0.45899
0.46051
0.46020
0.45984
0.46017
0.45976
0.45936
0.46064
0.46168
0.46208
0.46157
0.46122
0.46127
0.46309
0.46312
0.46267
0.46201
0.46165
0.46212
0.46148
0.46129
0.45997
0.46051
0.46108
0.46002
0.46072
0.45956
0.45913
0.45945
0.45882
0.45777
0.45803
0.45796
0.45422
0.45362
0.45381
0.45342
0.45462
0.45407
0.45554
0.45406
0.45599
0.45683
0.45683
0.45672
0.45567
0.45556
0.45544
0.45638
0.45667
0.45594
0.45587
0.45594
0.45586
0.45509
0.45434
0.45352
0.45161
0.45187
0.45296
0.45215
0.45194
0.45156
0.45429
0.45348
0.45414
0.45473
0.45391
0.45466
0.45373
0.45330
0.45385
0.45348
0.45549
0.45522
0.45548
0.45492
0.45573
0.45612
0.45670
0.45531
0.45459
0.45516
0.45363
0.45361
0.45194
0.45002
0.45116
0.45181
0.45216
0.45333
0.45344
0.45339
0.45329
0.45333
0.45488
0.45258
0.45228
0.45383
0.45342
0.45349
0.45423
0.45507
0.45549
0.45412
0.45336
0.45412
0.45392
0.45340
0.45405
0.45168
0.45229
0.45193
0.45428
0.45364
0.45581
0.45497
0.45376
0.45345
0.45308
0.44983
0.44728
0.44787
0.44811
0.44870
0.44816
0.44885
0.44736
0.44626
0.44428
0.44590
0.44633
0.44551
0.44562
0.44562
0.44504
0.44410
0.44491
0.44773
0.44724
0.44754
0.44847
0.44759
0.44658
0.44869
0.44899
0.45024
0.45176
0.45283
0.45331
0.45364
0.45341
0.45162
0.45244
0.45169
0.45138
0.45058
0.44934
0.44843
0.44718
0.44781
0.44965
0.44913
0.45080
0.44938
0.44851
0.45050
0.45452
0.45446
0.45508
0.45659
0.45607
0.45620
0.45585
0.45748
0.45953
0.45897
0.45849
0.45817
0.45856
0.45819
0.45684
0.45867
0.45889
0.45858
0.45906
0.45872
0.45795
0.45876
0.45858
0.45854
0.45935
0.45998
0.46087
0.45949
0.45989
0.46116
0.46108
0.46020
0.45894
0.45826
0.45830
0.45693
0.45817
0.45827
0.46054
0.46186
0.46047
0.46081
0.46010
0.46032
0.46159
0.46231
0.46199
0.46204
0.46194
0.45970
0.46045
0.46086
0.46094
0.46142
0.45996
0.46011
0.45954
0.45938
0.46083
0.46045
0.46006
0.46096
0.46097
0.46239
0.46322
0.46319
0.46238
0.46345
0.46135
0.46164
0.46142
0.46237
0.46262
0.46170
0.46234
0.46247
0.46267
0.46194
0.46150
0.46130
0.46116
0.46189
0.46183
0.46170
0.46257
0.46344
0.46389
0.46250
0.46318
0.46283
0.46351
0.46347
0.46371
0.46269
0.46209
0.46002
0.45974
0.46026
0.45887
0.45930
0.46039
0.45992
0.45910
0.45957
0.45936
0.46040
0.46129
0.46019
0.45912
0.45986
0.45735
0.45655
0.45642
0.45547
0.45570
0.45491
0.45477
0.45550
0.45690
0.45627
0.45730
0.45800
0.45828
0.45934
0.45943
0.45964
0.46103
0.46015
0.45992
0.45928
0.46053
0.46102
0.46119
0.46123
0.46088
0.46073
0.46050
0.46005
0.46036
0.45983
0.46081
0.46045
0.46056
0.45926
0.45989
0.45970
0.46136
0.46012
0.46156
0.46233
0.46094
0.46224
0.46118
0.46029
0.46097
0.46134
0.46250
0.46157
0.46185
0.46332
0.46181
0.46048
0.45954
0.46030
0.45966
0.45986
0.45976
0.45857
0.46139
0.46143
0.46099
0.46140
0.46149
0.46203
0.46144
0.46069
0.46025
0.45854
0.45817
0.45920
0.45890
0.45766
0.45726
0.45857
0.45951
0.45977
0.46012
0.45963
0.45862
0.46019
0.46084
0.46094
0.46106
0.46129
0.46268
0.46396
0.46278
0.46333
0.46235
0.46257
0.46337
0.46343
0.46377
0.46468
0.46503
0.46534
0.46607
0.46638
0.46640
0.46697
0.46638
0.46542
0.46454
0.46543
0.46660
0.46602
0.46519
0.46656
0.46609
0.46574
0.46412
0.46261
0.46437
0.46390
0.46216
0.46218
0.46252
0.46399
0.46537
0.46536
0.46511
0.46542
0.46614
0.46672
0.46724
0.46606
0.46594
0.46598
0.46436
0.46505
0.46610
0.46513
0.46357
0.46397
0.46366
0.46481
0.46406
0.46322
0.46362
0.46373
0.46525
0.46334
0.46312
0.46276
0.46280
0.46248
0.46309
0.46148
0.45990
0.46029
0.46074
0.46170
0.46303
0.46186
0.46197
0.46175
0.46171
0.46312
0.46320
0.46225
0.46395
0.46237
0.46486
0.46449
0.46339
0.46458
0.46375
0.46356
0.46286
0.46106
0.46052
0.45869
0.45908
0.45817
0.45866
0.45806
0.45861
0.45906
0.45885
0.45980
0.45939
0.46055
0.45908
0.45928
0.46105
0.46066
0.46010
0.45982
